NW_006238154.1	203	0	0
NW_006238155.1	200	0	0
NW_006238156.1	230	0	0
NW_006238157.1	212	0	0
NW_006238158.1	209	0	0
NW_006238159.1	202	0	0
NW_006238160.1	216	0	0
NW_006238161.1	219	0	0
NW_006238162.1	203	0	0
NW_006238163.1	263	0	0
NW_006238164.1	250	0	0
NW_006238165.1	207	0	0
NW_006238166.1	232	0	0
NW_006238167.1	233	0	0
NW_006238168.1	265	0	0
NW_006238169.1	234	0	0
NW_006238170.1	240	0	0
NW_006238171.1	226	0	0
NW_006238172.1	261	0	0
NW_006238173.1	283	0	0
NW_006238174.1	235	0	0
NW_006238175.1	278	0	0
NW_006238176.1	249	0	0
NW_006238177.1	200	0	0
NW_006238178.1	283	0	0
NW_006238179.1	225	0	0
NW_006238180.1	242	0	0
NW_006238181.1	222	0	0
NW_006238182.1	267	0	0
NW_006238183.1	214	0	0
NW_006238184.1	202	0	0
NW_006238185.1	287	0	0
NW_006238186.1	264	0	0
NW_006238187.1	220	0	0
NW_006238188.1	282	0	0
NW_006238189.1	264	0	0
NW_006238190.1	251	0	0
NW_006238191.1	301	0	0
NW_006238192.1	260	0	0
NW_006238193.1	245	0	0
NW_006238194.1	261	0	0
NW_006238195.1	341	0	0
NW_006238196.1	224	0	0
NW_006238197.1	272	0	0
NW_006238198.1	209	0	0
NW_006238199.1	268	0	0
NW_006238200.1	295	0	0
NW_006238201.1	248	0	0
NW_006238202.1	255	0	0
NW_006238203.1	353	0	0
NW_006238204.1	325	0	0
NW_006238205.1	225	0	0
NW_006238206.1	262	0	0
NW_006238207.1	282	0	0
NW_006238208.1	315	0	0
NW_006238209.1	275	0	0
NW_006238210.1	306	0	0
NW_006238211.1	227	0	0
NW_006238212.1	302	0	0
NW_006238213.1	365	0	0
NW_006238214.1	333	0	0
NW_006238215.1	329	0	0
NW_006238216.1	311	0	0
NW_006238217.1	243	0	0
NW_006238218.1	240	0	0
NW_006238219.1	239	0	0
NW_006238220.1	313	0	0
NW_006238221.1	343	0	0
NW_006238222.1	322	0	0
NW_006238223.1	303	0	0
NW_006238224.1	362	0	0
NW_006238225.1	334	0	0
NW_006238226.1	1963	0	0
NW_006238227.1	393	0	0
NW_006238228.1	380	0	0
NW_006238229.1	273	0	0
NW_006238230.1	343	0	0
NW_006238231.1	271	0	0
NW_006238232.1	373	0	0
NW_006238233.1	380	0	0
NW_006238234.1	1605	0	0
NW_006238235.1	356	0	0
NW_006238236.1	275	0	0
NW_006238237.1	287	0	0
NW_006238238.1	360	0	0
NW_006238239.1	396	0	0
NW_006238240.1	342	0	0
NW_006238241.1	315	0	0
NW_006238242.1	3105	0	0
NW_006238243.1	259	0	0
NW_006238244.1	418	0	0
NW_006238245.1	343	0	0
NW_006238246.1	343	0	0
NW_006238247.1	368	0	0
NW_006238248.1	346	0	0
NW_006238249.1	394	0	0
NW_006238250.1	376	0	0
NW_006238251.1	3862	0	0
NW_006238252.1	419	0	0
NW_006238253.1	449	0	0
NW_006238254.1	319	0	0
NW_006238255.1	421	0	0
NW_006238256.1	1357	0	0
NW_006238257.1	319	0	0
NW_006238258.1	3695	0	0
NW_006238259.1	1568	0	0
NW_006238260.1	202	0	0
NW_006238261.1	204	0	0
NW_006238262.1	319	0	0
NW_006238263.1	286	0	0
NW_006238264.1	249	0	0
NW_006238265.1	384	0	0
NW_006238266.1	222	0	0
NW_006238267.1	383	0	0
NW_006238268.1	301	0	0
NW_006238269.1	300	0	0
NW_006238270.1	2510	0	0
NW_006238271.1	384	0	0
NW_006238272.1	530	0	0
NW_006238273.1	3051	0	0
NW_006238274.1	540	0	0
NW_006238275.1	1838	0	0
NW_006238276.1	8295	0	0
NW_006238277.1	381	0	0
NW_006238278.1	409	0	0
NW_006238279.1	662	0	0
NW_006238280.1	3795	0	0
NW_006238281.1	267	0	0
NW_006238282.1	450	0	0
NW_006238283.1	306	0	0
NW_006238284.1	474	0	0
NW_006238285.1	2217	0	0
NW_006238286.1	970	0	0
NW_006238287.1	343	0	0
NW_006238288.1	532	0	0
NW_006238289.1	340	0	0
NW_006238290.1	588	0	0
NW_006238291.1	1235	0	0
NW_006238292.1	2510	0	0
NW_006238293.1	2092	0	0
NW_006238294.1	1714	0	0
NW_006238295.1	3502	0	0
NW_006238296.1	355	0	0
NW_006238297.1	234	0	0
NW_006238298.1	491	0	0
NW_006238299.1	2894	0	0
NW_006238300.1	212	0	0
NW_006238301.1	585	0	0
NW_006238302.1	1628	0	0
NW_006238303.1	736	0	0
NW_006238304.1	3073	0	0
NW_006238305.1	3152	0	0
NW_006238306.1	1573	0	0
NW_006238307.1	2439	0	0
NW_006238308.1	1713	0	0
NW_006238309.1	716	0	0
NW_006238310.1	1170	0	0
NW_006238311.1	630	0	0
NW_006238312.1	1423	0	0
NW_006238313.1	614	0	0
NW_006238314.1	3852	0	0
NW_006238315.1	255	0	0
NW_006238316.1	1939	0	0
NW_006238317.1	305	0	0
NW_006238318.1	651	0	0
NW_006238319.1	828	0	0
NW_006238320.1	773	0	0
NW_006238321.1	1651	0	0
NW_006238322.1	673	0	0
NW_006238323.1	795	0	0
NW_006238324.1	3873	0	0
NW_006238325.1	963	0	0
NW_006238326.1	1420	0	0
NW_006238327.1	882	0	0
NW_006238328.1	703	0	0
NW_006238329.1	1013	0	0
NW_006238330.1	752	0	0
NW_006238331.1	1231	0	0
NW_006238332.1	794	0	0
NW_006238333.1	1194	0	0
NW_006238334.1	1000	0	0
NW_006238335.1	3359	0	0
NW_006238336.1	663	0	0
NW_006238337.1	834	0	0
NW_006238338.1	1850	0	0
NW_006238339.1	2264	0	0
NW_006238340.1	5333	0	0
NW_006238341.1	1281	0	0
NW_006238342.1	2062	0	0
NW_006238343.1	751	0	0
NW_006238344.1	847	0	0
NW_006238345.1	692	0	0
NW_006238346.1	782	0	0
NW_006238347.1	2310	0	0
NW_006238348.1	995	0	0
NW_006238349.1	832	0	0
NW_006238350.1	3384	0	0
NW_006238351.1	608	0	0
NW_006238352.1	11001	0	0
NW_006238353.1	800	0	0
NW_006238354.1	2285	0	0
NW_006238355.1	800	0	0
NW_006238356.1	1173	0	0
NW_006238357.1	6101	0	0
NW_006238358.1	915	0	0
NW_006238359.1	1006	0	0
NW_006238360.1	940	0	0
NW_006238361.1	1017	0	0
NW_006238362.1	615	0	0
NW_006238363.1	1135	0	0
NW_006238364.1	1037	0	0
NW_006238365.1	1137	0	0
NW_006238366.1	1476	0	0
NW_006238367.1	1046	0	0
NW_006238368.1	1049	0	0
NW_006238369.1	1051	0	0
NW_006238370.1	26041	0	0
NW_006238371.1	900	0	0
NW_006238372.1	2054	0	0
NW_006238373.1	1058	0	0
NW_006238374.1	1060	0	0
NW_006238375.1	1073	0	0
NW_006238376.1	1075	0	0
NW_006238377.1	1065	0	0
NW_006238378.1	1085	0	0
NW_006238379.1	1681	0	0
NW_006238380.1	1084	0	0
NW_006238381.1	1088	0	0
NW_006238382.1	1090	0	0
NW_006238383.1	805	0	0
NW_006238384.1	1097	0	0
NW_006238385.1	2713	0	0
NW_006238386.1	1198	0	0
NW_006238387.1	1106	0	0
NW_006238388.1	1106	0	0
NW_006238389.1	1017	0	0
NW_006238390.1	1762	0	0
NW_006238391.1	1209	0	0
NW_006238392.1	1116	0	0
NW_006238393.1	965	0	0
NW_006238394.1	1050	0	0
NW_006238395.1	852	0	0
NW_006238396.1	1026	0	0
NW_006238397.1	1131	0	0
NW_006238398.1	1131	0	0
NW_006238399.1	3189	0	0
NW_006238400.1	4431	0	0
NW_006238401.1	1063	0	0
NW_006238402.1	1145	0	0
NW_006238403.1	1155	0	0
NW_006238404.1	1785	0	0
NW_006238405.1	1165	0	0
NW_006238406.1	1167	0	0
NW_006238407.1	1034	0	0
NW_006238408.1	1179	0	0
NW_006238409.1	4147	0	0
NW_006238410.1	1186	0	0
NW_006238411.1	1189	0	0
NW_006238412.1	2108	0	0
NW_006238413.1	8290	0	0
NW_006238414.1	934	0	0
NW_006238415.1	1208	0	0
NW_006238416.1	1340	0	0
NW_006238417.1	1320	0	0
NW_006238418.1	1221	0	0
NW_006238419.1	1132	0	0
NW_006238420.1	1554	0	0
NW_006238421.1	1305	0	0
NW_006238422.1	3287	0	0
NW_006238423.1	2506	0	0
NW_006238424.1	1240	0	0
NW_006238425.1	2631	0	0
NW_006238426.1	1240	0	0
NW_006238427.1	1242	0	0
NW_006238428.1	3684	0	0
NW_006238429.1	1061	0	0
NW_006238430.1	962	0	0
NW_006238431.1	1333	0	0
NW_006238432.1	1843	0	0
NW_006238433.1	1282	0	0
NW_006238434.1	1290	0	0
NW_006238435.1	4450	0	0
NW_006238436.1	1301	0	0
NW_006238437.1	1307	0	0
NW_006238438.1	1389	0	0
NW_006238439.1	1358	0	0
NW_006238440.1	1838	0	0
NW_006238441.1	1367	0	0
NW_006238442.1	1372	0	0
NW_006238443.1	1570	0	0
NW_006238444.1	3663	0	0
NW_006238445.1	1241	0	0
NW_006238446.1	1265	0	0
NW_006238447.1	994	0	0
NW_006238448.1	2926	0	0
NW_006238449.1	1418	0	0
NW_006238450.1	1917	0	0
NW_006238451.1	1356	0	0
NW_006238452.1	1745	0	0
NW_006238453.1	1528	0	0
NW_006238454.1	1675	0	0
NW_006238455.1	2269	0	0
NW_006238456.1	1178	0	0
NW_006238457.1	1443	0	0
NW_006238458.1	1445	0	0
NW_006238459.1	1273	0	0
NW_006238460.1	1394	0	0
NW_006238461.1	1453	0	0
NW_006238462.1	1233	0	0
NW_006238463.1	2081	0	0
NW_006238464.1	1595	0	0
NW_006238465.1	1292	0	0
NW_006238466.1	1474	0	0
NW_006238467.1	2724	0	0
NW_006238468.1	3212	0	0
NW_006238469.1	2243	0	0
NW_006238470.1	3134	0	0
NW_006238471.1	1330	0	0
NW_006238472.1	1550	0	0
NW_006238473.1	1475	0	0
NW_006238474.1	1660	0	0
NW_006238475.1	2480	0	0
NW_006238476.1	3095	0	0
NW_006238477.1	2367	0	0
NW_006238478.1	1604	0	0
NW_006238479.1	2738	0	0
NW_006238480.1	1779	0	0
NW_006238481.1	4072	0	0
NW_006238482.1	6031	0	0
NW_006238483.1	1567	0	0
NW_006238484.1	17249	0	0
NW_006238485.1	2859	0	0
NW_006238486.1	2468	0	0
NW_006238487.1	1695	0	0
NW_006238488.1	1944	0	0
NW_006238489.1	6746	0	0
NW_006238490.1	1715	0	0
NW_006238491.1	2665	0	0
NW_006238492.1	2496	0	0
NW_006238493.1	3432	0	0
NW_006238494.1	1673	0	0
NW_006238495.1	4030	0	0
NW_006238496.1	1612	0	0
NW_006238497.1	2112	0	0
NW_006238498.1	1767	0	0
NW_006238499.1	1778	0	0
NW_006238500.1	2684	0	0
NW_006238501.1	7269	0	0
NW_006238502.1	3990	0	0
NW_006238503.1	1820	0	0
NW_006238504.1	1845	0	0
NW_006238505.1	1840	0	0
NW_006238506.1	9585	0	0
NW_006238507.1	2691	0	0
NW_006238508.1	1545	0	0
NW_006238509.1	1901	0	0
NW_006238510.1	1901	0	0
NW_006238511.1	2924	0	0
NW_006238512.1	1909	0	0
NW_006238513.1	2220	0	0
NW_006238514.1	2951	0	0
NW_006238515.1	1928	0	0
NW_006238516.1	2509	0	0
NW_006238517.1	2747	0	0
NW_006238518.1	9116	0	0
NW_006238519.1	2084	0	0
NW_006238520.1	2000	0	0
NW_006238521.1	2130	0	0
NW_006238522.1	2176	0	0
NW_006238523.1	2035	0	0
NW_006238524.1	2054	0	0
NW_006238525.1	4904	0	0
NW_006238526.1	3792	0	0
NW_006238527.1	2050	0	0
NW_006238528.1	3936	0	0
NW_006238529.1	2836	0	0
NW_006238530.1	9136	0	0
NW_006238531.1	2939	0	0
NW_006238532.1	2252	0	0
NW_006238533.1	2015	0	0
NW_006238534.1	2310	0	0
NW_006238535.1	2110	0	0
NW_006238536.1	2774	0	0
NW_006238537.1	2121	0	0
NW_006238538.1	2055	0	0
NW_006238539.1	2164	0	0
NW_006238540.1	3369	0	0
NW_006238541.1	2135	0	0
NW_006238542.1	2182	0	0
NW_006238543.1	3094	0	0
NW_006238544.1	2190	0	0
NW_006238545.1	3472	0	0
NW_006238546.1	2207	0	0
NW_006238547.1	1857	0	0
NW_006238548.1	2221	0	0
NW_006238549.1	9338	0	0
NW_006238550.1	8105	0	0
NW_006238551.1	4530	0	0
NW_006238552.1	2290	0	0
NW_006238553.1	2802	0	0
NW_006238554.1	2240	0	0
NW_006238555.1	4539	0	0
NW_006238556.1	3054	0	0
NW_006238557.1	2418	0	0
NW_006238558.1	2467	0	0
NW_006238559.1	3473	0	0
NW_006238560.1	2475	0	0
NW_006238561.1	3999	0	0
NW_006238562.1	2776	0	0
NW_006238563.1	3901	0	0
NW_006238564.1	10234	0	0
NW_006238565.1	2327	0	0
NW_006238566.1	2955	0	0
NW_006238567.1	2564	0	0
NW_006238568.1	3318	0	0
NW_006238569.1	4000	0	0
NW_006238570.1	5525	0	0
NW_006238571.1	2595	0	0
NW_006238572.1	3881	0	0
NW_006238573.1	4353	0	0
NW_006238574.1	2933	0	0
NW_006238575.1	2639	0	0
NW_006238576.1	2958	0	0
NW_006238577.1	2933	0	0
NW_006238578.1	3399	0	0
NW_006238579.1	2695	0	0
NW_006238580.1	2591	0	0
NW_006238581.1	2802	0	0
NW_006238582.1	2869	0	0
NW_006238583.1	4462	0	0
NW_006238584.1	2653	0	0
NW_006238585.1	3081	0	0
NW_006238586.1	4390	0	0
NW_006238587.1	2878	0	0
NW_006238588.1	2648	0	0
NW_006238589.1	2890	0	0
NW_006238590.1	7680	0	0
NW_006238591.1	3258	0	0
NW_006238592.1	4372	0	0
NW_006238593.1	3877	0	0
NW_006238594.1	4507	0	0
NW_006238595.1	3950	0	0
NW_006238596.1	3412	0	0
NW_006238597.1	2991	0	0
NW_006238598.1	3006	0	0
NW_006238599.1	2805	0	0
NW_006238600.1	3404	0	0
NW_006238601.1	3066	0	0
NW_006238602.1	3429	0	0
NW_006238603.1	3224	0	0
NW_006238604.1	6417	0	0
NW_006238605.1	2887	0	0
NW_006238606.1	3159	0	0
NW_006238607.1	4769	0	0
NW_006238608.1	4304	0	0
NW_006238609.1	3777	0	0
NW_006238610.1	3195	0	0
NW_006238611.1	3537	0	0
NW_006238612.1	3226	0	0
NW_006238613.1	3419	0	0
NW_006238614.1	3288	0	0
NW_006238615.1	5254	0	0
NW_006238616.1	3331	0	0
NW_006238617.1	3544	0	0
NW_006238618.1	3322	0	0
NW_006238619.1	5704	0	0
NW_006238620.1	3338	0	0
NW_006238621.1	6502	0	0
NW_006238622.1	3284	0	0
NW_006238623.1	3404	0	0
NW_006238624.1	4490	0	0
NW_006238625.1	3794	0	0
NW_006238626.1	4187	0	0
NW_006238627.1	4814	0	0
NW_006238628.1	9573	0	0
NW_006238629.1	3531	0	0
NW_006238630.1	4317	0	0
NW_006238631.1	6766	0	0
NW_006238632.1	3556	0	0
NW_006238633.1	3573	0	0
NW_006238634.1	4042	0	0
NW_006238635.1	3948	0	0
NW_006238636.1	10152	0	0
NW_006238637.1	3921	0	0
NW_006238638.1	3796	0	0
NW_006238639.1	3963	0	0
NW_006238640.1	3721	0	0
NW_006238641.1	4366	0	0
NW_006238642.1	6219	0	0
NW_006238643.1	3808	0	0
NW_006238644.1	4016	0	0
NW_006238645.1	4600	0	0
NW_006238646.1	4157	0	0
NW_006238647.1	4411	0	0
NW_006238648.1	3936	0	0
NW_006238649.1	5743	0	0
NW_006238650.1	5505	0	0
NW_006238651.1	3994	0	0
NW_006238652.1	4145	0	0
NW_006238653.1	4640	0	0
NW_006238654.1	4974	0	0
NW_006238655.1	4980	0	0
NW_006238656.1	4138	0	0
NW_006238657.1	4750	0	0
NW_006238658.1	4194	0	0
NW_006238659.1	5583	0	0
NW_006238660.1	15293	0	0
NW_006238661.1	3930	0	0
NW_006238662.1	4264	0	0
NW_006238663.1	4995	0	0
NW_006238664.1	4527	0	0
NW_006238665.1	5118	0	0
NW_006238666.1	4370	0	0
NW_006238667.1	4376	0	0
NW_006238668.1	4626	0	0
NW_006238669.1	8571	0	0
NW_006238670.1	4773	0	0
NW_006238671.1	4442	0	0
NW_006238672.1	3829	0	0
NW_006238673.1	4554	0	0
NW_006238674.1	5305	0	0
NW_006238675.1	5220	0	0
NW_006238676.1	5281	0	0
NW_006238677.1	4462	0	0
NW_006238678.1	4629	0	0
NW_006238679.1	4507	0	0
NW_006238680.1	4674	0	0
NW_006238681.1	5975	0	0
NW_006238682.1	5602	0	0
NW_006238683.1	5035	0	0
NW_006238684.1	4750	0	0
NW_006238685.1	5543	0	0
NW_006238686.1	4988	0	0
NW_006238687.1	5131	0	0
NW_006238688.1	4260	0	0
NW_006238689.1	8136	0	0
NW_006238690.1	5869	0	0
NW_006238691.1	4918	0	0
NW_006238692.1	7175	0	0
NW_006238693.1	5018	0	0
NW_006238694.1	5194	0	0
NW_006238695.1	9159	0	0
NW_006238696.1	5589	0	0
NW_006238697.1	7326	0	0
NW_006238698.1	8961	0	0
NW_006238699.1	5002	0	0
NW_006238700.1	5303	0	0
NW_006238701.1	5214	0	0
NW_006238702.1	5232	0	0
NW_006238703.1	5983	0	0
NW_006238704.1	5283	0	0
NW_006238705.1	6046	0	0
NW_006238706.1	6497	0	0
NW_006238707.1	5373	0	0
NW_006238708.1	6030	0	0
NW_006238709.1	5637	0	0
NW_006238710.1	5492	0	0
NW_006238711.1	5666	0	0
NW_006238712.1	6099	0	0
NW_006238713.1	7129	0	0
NW_006238714.1	6029	0	0
NW_006238715.1	9929	0	0
NW_006238716.1	5831	0	0
NW_006238717.1	5630	0	0
NW_006238718.1	5366	0	0
NW_006238719.1	5675	0	0
NW_006238720.1	6163	0	0
NW_006238721.1	7739	0	0
NW_006238722.1	5704	0	0
NW_006238723.1	11272	0	0
NW_006238724.1	5734	0	0
NW_006238725.1	5956	0	0
NW_006238726.1	6537	0	0
NW_006238727.1	5869	0	0
NW_006238728.1	5907	0	0
NW_006238729.1	5702	0	0
NW_006238730.1	6032	0	0
NW_006238731.1	7332	0	0
NW_006238732.1	6607	0	0
NW_006238733.1	6999	0	0
NW_006238734.1	6108	0	0
NW_006238735.1	9942	0	0
NW_006238736.1	6122	0	0
NW_006238737.1	6932	0	0
NW_006238738.1	9706	0	0
NW_006238739.1	6331	0	0
NW_006238740.1	6468	0	0
NW_006238741.1	6259	0	0
NW_006238742.1	11083	0	0
NW_006238743.1	6275	0	0
NW_006238744.1	6364	0	0
NW_006238745.1	6434	0	0
NW_006238746.1	6425	0	0
NW_006238747.1	9511	0	0
NW_006238748.1	10545	0	0
NW_006238749.1	10156	0	0
NW_006238750.1	8762	0	0
NW_006238751.1	7476	0	0
NW_006238752.1	6745	0	0
NW_006238753.1	7897	0	0
NW_006238754.1	14836	0	0
NW_006238755.1	6863	0	0
NW_006238756.1	7145	0	0
NW_006238757.1	6876	0	0
NW_006238758.1	7035	0	0
NW_006238759.1	9004	0	0
NW_006238760.1	7289	0	0
NW_006238761.1	12399	0	0
NW_006238762.1	16936	0	0
NW_006238763.1	6520	0	0
NW_006238764.1	25850	0	0
NW_006238765.1	7490	0	0
NW_006238766.1	7356	0	0
NW_006238767.1	7369	0	0
NW_006238768.1	8607	0	0
NW_006238769.1	7364	0	0
NW_006238770.1	8465	0	0
NW_006238771.1	7595	0	0
NW_006238772.1	10216	0	0
NW_006238773.1	8715	0	0
NW_006238774.1	7201	0	0
NW_006238775.1	7562	0	0
NW_006238776.1	8515	0	0
NW_006238777.1	7743	0	0
NW_006238778.1	19827	0	0
NW_006238779.1	8490	0	0
NW_006238780.1	7965	0	0
NW_006238781.1	7986	0	0
NW_006238782.1	11814	0	0
NW_006238783.1	9862	0	0
NW_006238784.1	11491	0	0
NW_006238785.1	14561	0	0
NW_006238786.1	9876	0	0
NW_006238787.1	8071	0	0
NW_006238788.1	15314	0	0
NW_006238789.1	11647	0	0
NW_006238790.1	8494	0	0
NW_006238791.1	9297	0	0
NW_006238792.1	12859	0	0
NW_006238793.1	10436	0	0
NW_006238794.1	9890	0	0
NW_006238795.1	9083	0	0
NW_006238796.1	8323	0	0
NW_006238797.1	9469	0	0
NW_006238798.1	9126	0	0
NW_006238799.1	12525	0	0
NW_006238800.1	15331	0	0
NW_006238801.1	9275	0	0
NW_006238802.1	14530	0	0
NW_006238803.1	9991	0	0
NW_006238804.1	10832	0	0
NW_006238805.1	10501	0	0
NW_006238806.1	10740	0	0
NW_006238807.1	10840	0	0
NW_006238808.1	10285	0	0
NW_006238809.1	10125	0	0
NW_006238810.1	18625	0	0
NW_006238811.1	10990	0	0
NW_006238812.1	15914	0	0
NW_006238813.1	11630	0	0
NW_006238814.1	25605	0	0
NW_006238815.1	11926	0	0
NW_006238816.1	16688	0	0
NW_006238817.1	14017	0	0
NW_006238818.1	15498	0	0
NW_006238819.1	15721	0	0
NW_006238820.1	17310	0	0
NW_006238821.1	14550	0	0
NW_006238822.1	12853	0	0
NW_006238823.1	14387	0	0
NW_006238824.1	13821	0	0
NW_006238825.1	20437	0	0
NW_006238826.1	26515	0	0
NW_006238827.1	14361	0	0
NW_006238828.1	20997	0	0
NW_006238829.1	20398	0	0
NW_006238830.1	18863	0	0
NW_006238831.1	17310	0	0
NW_006238832.1	15891	0	0
NW_006238833.1	16285	0	0
NW_006238834.1	23051	0	0
NW_006238835.1	15294	0	0
NW_006238836.1	15212	0	0
NW_006238837.1	16396	0	0
NW_006238838.1	15507	0	0
NW_006238839.1	25205	0	0
NW_006238840.1	21497	0	0
NW_006238841.1	16128	0	0
NW_006238842.1	17218	0	0
NW_006238843.1	43482	0	0
NW_006238844.1	25000	0	0
NW_006238845.1	21830	0	0
NW_006238846.1	24614	0	0
NW_006238847.1	45894	0	0
NW_006238848.1	28011	0	0
NW_006238849.1	23212	0	0
NW_006238850.1	26096	0	0
NW_006238851.1	19449	0	0
NW_006238852.1	20446	0	0
NW_006238853.1	25050	0	0
NW_006238854.1	76047	0	0
NW_006238855.1	23061	0	0
NW_006238856.1	21005	0	0
NW_006238857.1	26788	0	0
NW_006238858.1	50954	0	0
NW_006238859.1	29415	0	0
NW_006238860.1	22507	0	0
NW_006238861.1	20518	0	0
NW_006238862.1	24843	0	0
NW_006238863.1	22893	0	0
NW_006238864.1	25373	0	0
NW_006238865.1	30968	0	0
NW_006238866.1	25004	0	0
NW_006238867.1	25616	0	0
NW_006238868.1	25160	0	0
NW_006238869.1	34693	0	0
NW_006238870.1	25488	0	0
NW_006238871.1	25938	0	0
NW_006238872.1	27879	0	0
NW_006238873.1	30794	0	0
NW_006238874.1	44380	0	0
NW_006238875.1	39140	0	0
NW_006238876.1	42735	0	0
NW_006238877.1	38005	0	0
NW_006238878.1	37727	0	0
NW_006238879.1	35277	0	0
NW_006238880.1	47452	0	0
NW_006238881.1	34415	0	0
NW_006238882.1	36887	0	0
NW_006238883.1	38739	0	0
NW_006238884.1	35154	0	0
NW_006238885.1	36551	0	0
NW_006238886.1	46608	0	0
NW_006238887.1	47811	0	0
NW_006238888.1	58234	0	0
NW_006238889.1	44422	0	0
NW_006238890.1	114745	0	0
NW_006238891.1	61160	0	0
NW_006238892.1	59955	0	0
NW_006238893.1	67492	0	0
NW_006238894.1	61112	0	0
NW_006238895.1	67619	0	0
NW_006238896.1	62543	0	0
NW_006238897.1	104182	0	0
NW_006238898.1	74109	0	0
NW_006238899.1	67400	0	0
NW_006238900.1	127602	0	0
NW_006238901.1	80969	0	0
NW_006238902.1	73039	0	0
NW_006238903.1	165954	0	0
NW_006238904.1	114871	0	0
NW_006238905.1	172753	0	0
NW_006238906.1	124087	0	0
NW_006238907.1	225109	0	0
NW_006238908.1	192382	0	0
NW_006238909.1	179369	0	0
NW_006238910.1	254869	0	0
NW_006238911.1	287954	0	0
NW_006238912.1	299388	0	0
NW_006238913.1	312556	0	0
NW_006238914.1	340535	0	0
NW_006238915.1	407432	0	0
NW_006238916.1	13324298	27	0
NW_006238917.1	17303919	11	0
NW_006238918.1	16577294	23	0
NW_006238919.1	13709650	26	0
NW_006238920.1	14994381	325	0
NW_006238921.1	15040190	2547	0
NW_006238922.1	14066726	43	0
NW_006238923.1	19566579	130031	0
NW_006238924.1	1727	0	0
NW_006238925.1	1041	0	0
NW_006238926.1	4065	0	0
*	0	0	0
